$ 1 5.0E-6 32 60 15.0 50
t 272 112 320 112 0 1 0.5590541760435155 0.5686961786673317
r 320 96 320 32 0 39000.0
r 272 112 272 32 0 27000.0
r 272 112 272 192 0 120000.0
w 272 32 320 32 0
R 272 32 224 32 0 0 40.0 15.0 0.0
165 368 160 400 160 0 15.0
w 320 128 320 192 0
g 272 192 272 208 0
w 320 192 320 256 0
w 320 256 320 288 0
w 320 288 320 352 0
c 320 352 320 384 0 1.0E-6 5.834320379778221
g 320 384 320 400 0
r 320 192 368 192 0 100.0
w 368 256 320 256 0
w 320 288 368 288 0
w 320 32 432 32 0
w 432 32 432 128 0
O 320 352 400 352 0
o 19 64 0 10 10.0 9.765625E-5 0
