$ 1 5.0E-6 18 43 5.0 50
a 336 160 448 160 0 15.0 -15.0
w 336 144 336 96 0
w 336 96 448 96 0
w 448 96 448 160 0
w 448 96 448 64 0
r 448 64 272 64 0 10.0
w 272 64 272 176 0
r 272 176 336 176 0 1000.0
c 336 176 336 256 0 1.0E-5 3.2573718206271898
g 336 256 336 288 0
w 272 176 208 176 0
R 208 176 160 176 0 2 30.0 5.0 0.0
R 208 336 160 336 0 2 30.0 5.0 0.0
c 208 336 272 336 0 0.0010 3.2573718206277027
r 272 336 336 336 0 10.0
g 336 336 336 368 0
x 345 38 361 38 0 24 R2
x 291 148 307 148 0 24 R1
x 383 226 399 226 0 24 C1
o 13 64 0 2 5.0 0.8 0
o 8 64 0 2 5.0 0.00625 1
