$ 1 5.0E-6 10 50 5.0
l 176 160 176 336 0 0.01 -0.002283079349468622
c 288 160 288 256 0 9.999999999999999E-5 0.5795308117190088
t 352 160 400 160 0 1 -3.9253640070219156 0.5795308117190088
c 288 256 288 336 0 9.999999999999999E-5 -0.710253966237736
w 176 336 288 336 0
w 176 160 288 160 0
w 288 160 352 160 0
w 288 256 400 256 0
w 400 176 400 256 0
w 400 144 448 144 0
r 448 144 448 336 0 1000.0
w 288 336 448 336 0
r 400 144 400 80 0 100.0
R 400 80 352 80 0 0 40.0 5.0 0.0
g 400 256 400 288 0
O 448 144 528 144 0
o 15 32 0 10 5.0 9.765625E-5 0
