$ 1 5.0E-6 10 65 5.0
r 160 128 240 128 0 10000.0
r 240 128 320 128 0 10000.0
r 480 144 480 208 0 5860.0
r 480 208 480 272 0 10000.0
g 480 272 480 288 0
w 240 80 240 128 0
c 320 128 320 208 0 1.59E-7 0.9794619939873654
g 320 208 320 224 0
w 320 128 368 128 0
a 368 144 480 144 1 15.0 -15.0
w 368 160 368 208 0
w 368 208 480 208 0
w 480 144 496 144 0
w 496 144 496 80 0
c 496 80 240 80 0 1.59E-7 -1.0483997964634617
O 496 144 560 144 0
v 160 128 96 128 0 1 500.0 5.0 0.0
R 96 128 64 128 0 1 50.0 5.0 0.0
p 160 128 160 208 0
g 160 208 160 224 0
o 18 64 0 2 10.0 9.765625E-5
o 15 64 0 2 10.0 4.8828125E-5
