$ 1 5.0E-6 10 65 5.0
r 480 176 480 240 0 5860.0
r 480 240 480 304 0 10000.0
g 480 304 480 320 0
w 240 112 240 160 0
g 320 240 320 256 0
w 320 160 368 160 0
a 368 176 480 176 1 15.0 -15.0
w 368 192 368 240 0
w 368 240 480 240 0
w 480 176 496 176 0
w 496 176 496 112 0
O 496 176 560 176 0
v 160 160 96 160 0 1 500.0 5.0 0.0
R 96 160 64 160 0 1 50.0 5.0 0.0
p 160 160 160 240 0
g 160 240 160 256 0
c 160 160 240 160 0 5.3E-8 0.04460463024126504
c 240 160 320 160 0 5.3E-8 -1.3996179523171044
r 320 160 320 240 0 10000.0
r 240 112 496 112 0 10000.0
o 14 32 0 2 10.0 9.765625E-5
o 11 32 0 2 10.0 2.44140625E-5
