$ 1 5.0E-6 10 53 5.0
t 304 160 352 160 0 1 -1.7862623882283946 0.6530626673934639
w 128 336 240 336 0
w 128 160 240 160 0
w 240 160 304 160 0
w 240 256 352 256 0
w 352 176 352 256 0
w 352 144 400 144 0
r 400 144 400 336 0 1000.0
w 240 336 400 336 0
r 352 144 352 80 0 100.0
R 352 80 304 80 0 0 40.0 5.0 0.0
g 352 256 352 288 0
O 400 144 480 144 0
l 240 160 240 256 0 1.5 -6.945333105125788E-4
l 240 256 240 336 0 0.5 -0.00417744263326484
c 128 160 128 336 0 6.33E-7 1.9178853356836558
o 12 32 0 10 5.0 9.765625E-5 0
