t 272 144 224 144 0 -1
t 272 144 320 144 0 -1
w 272 144 272 192 0
w 224 160 224 192 0
w 224 192 272 192 0
r 224 128 224 64 0 100.0
r 320 128 320 64 0 100.0
w 224 64 320 64 0
R 224 64 160 64 0 0 40.0 5.0
r 224 192 224 256 0 500.0
g 224 256 224 336 0
r 320 160 320 256 0 100.0
g 320 256 320 336 0
w 224 192 160 192 0
s 160 192 160 256 0 true false
r 160 256 224 256 0 200.0
w 320 160 384 160 0
s 384 160 384 256 0 true false
r 320 256 384 256 0 100.0
o 0 32 3 3 0.0390625 9.765625E-5
o 1 32 3 3 0.0390625 9.765625E-5
