$ 1 5.0E-6 10 50 5.0 50
r 208 80 208 176 0 100.0
r 448 80 448 176 0 100.0
w 448 176 448 240 0
t 368 256 448 256 0 1 0.6171766455476314 0.6759208871212132
w 288 176 368 256 0
w 368 176 288 256 0
t 288 256 208 256 0 1 -4.584840200015906 0.029081307733829557
w 208 176 208 240 0
r 368 176 448 176 0 1020.0
r 208 176 288 176 0 1020.0
M 448 176 512 176 0 2.5
w 208 80 448 80 0
M 208 176 144 176 0 2.5
R 208 80 144 80 0 0 40.0 5.0 0.0
r 288 256 288 352 0 1000.0
r 368 256 368 352 0 1000.0
L 288 352 144 352 0 true true 5.0 0.0
L 368 352 512 352 0 true true 5.0 0.0
x 118 153 134 153 2 16 output
x 486 148 502 148 0 16 output
x 134 326 150 326 0 16 set
x 493 325 509 325 0 16 reset
g 208 272 208 304 0
g 448 272 448 304 0
