$ 1 5.0E-6 10 50 5.0
w 192 64 272 64 0
r 192 64 192 192 0 330.0
r 272 64 272 192 0 1020.0
r 432 64 432 192 0 320.0
c 192 192 272 192 0 1.8E-5 4.345087115295281
w 432 192 432 256 0
t 352 272 432 272 0 1 0.6277674358733298 0.6549112488188824
w 272 192 352 272 0
w 352 192 272 272 0
t 272 272 192 272 0 1 -4.972854551163807 0.027143812950356845
w 192 192 192 256 0
r 352 192 432 192 0 100.0
t 128 272 192 272 0 1 -4.901702723296055 0.09829564081810827
w 128 64 192 64 0
r 128 64 128 176 0 100.0
s 128 176 128 272 0 true true
w 272 64 432 64 0
R 128 64 64 64 0 0 40.0 5.0 0.0
g 192 288 192 336 0
g 432 288 432 336 0
o 6 64 6 3 0.15625 9.765625E-5
