$ 1 5.0E-6 10 50 5.0
v 96 336 96 48 0 0 40.0 5.0 0.0
w 96 48 176 48 0
w 176 48 256 48 0
w 256 48 336 48 0
w 336 48 416 48 0
r 176 48 176 176 0 330.0
r 256 48 256 176 0 1020.0
r 336 48 336 176 0 1020.0
r 416 48 416 176 0 320.0
c 176 176 256 176 0 1.8E-5 3.592797780471883
c 336 176 416 176 0 1.8E-5 0.2406641190412176
w 416 176 416 240 0
w 416 272 416 336 0
t 336 256 416 256 0 1
w 256 176 336 256 0
w 336 176 256 256 0
t 256 256 176 256 0 1
w 176 176 176 240 0
w 176 272 176 336 0
w 176 336 96 336 0
w 176 336 416 336 0
o 13 64 6 3 5.0 9.765625E-5
o 16 64 6 3 5.0 9.765625E-5
