$ 1 5.0E-6 12 50 5.0
c 96 208 160 208 0 4.9999999999999996E-6 12.054711081151444
c 160 208 224 208 0 4.9999999999999996E-6 -0.10228994112172862
c 224 208 288 208 0 4.9999999999999996E-6 -0.7141875007018222
r 288 208 352 208 0 100.0
r 160 208 160 288 0 100.0
r 224 208 224 288 0 100.0
g 160 288 160 304 0
g 224 288 224 304 0
a 352 224 448 224 0 15.0 -15.0
w 352 208 352 160 0
r 352 160 448 160 0 5000.0
w 448 160 448 224 0
w 448 224 464 224 0
w 464 224 464 128 0
w 464 128 96 128 0
w 96 128 96 208 0
O 464 224 512 224 0
R 352 240 352 288 0 0 40.0 0.0010 0.0
o 16 64 0 10 20.0 9.765625E-5 0
