$ 1 5.0E-6 16 50 5.0
158 416 208 448 208 0
c 512 208 512 240 0 9.999999999999999E-5 0
r 512 272 576 272 0 40.0
r 512 304 576 304 0 1000.0
w 576 272 576 304 0
g 576 304 576 336 0
154 128 176 240 176 0 2 0.0
R 128 160 64 160 0 2 60.0 2.5 2.5
w 128 192 128 304 0
w 128 304 416 304 0
r 240 176 304 176 0 50.0
c 304 176 304 208 0 9.0E-4 0
w 416 176 416 208 0
O 128 304 80 304 0
a 336 112 416 112 1 15.0 -15.0
w 304 176 304 96 0
w 304 96 336 96 0
w 336 128 336 176 0
w 336 176 416 176 0
w 416 176 416 112 0
r 304 208 304 256 0 10.0
g 304 256 304 272 0
o 7 64 0 14 5.0 9.765625E-5 0
o 13 64 0 14 5.0 9.765625E-5 0
o 11 64 0 3 2.5 0.1 1
