$ 1 5.0E-6 10 43 10.0 42
t 208 160 272 160 0 1 -8.657099902853975 0.7243049878982558
t 208 256 272 256 0 -1 9.894290121349513 -0.7243049878982555
w 272 176 272 208 0
w 272 208 272 240 0
w 272 272 272 320 0
r 208 256 208 320 0 220.0
r 208 160 208 96 0 220.0
d 208 208 208 256 0
R 208 208 144 208 0 1 40.0 5.0 0.0
w 208 320 272 320 0
w 208 96 272 96 0
w 272 96 272 144 0
R 208 96 208 48 0 0 40.0 10.0 0.0
R 208 320 208 368 0 0 40.0 -10.0 0.0
O 272 208 352 208 0
d 208 160 208 208 0
o 8 64 0 2 10.0 9.765625E-5
o 14 64 0 2 10.0 9.765625E-5
