$ 1 5.0E-6 16 50 5.0
r 208 48 208 112 0 500.0
r 208 112 352 112 0 100.0
w 352 112 352 160 0
t 352 160 432 160 0 1 -3.667841898903245 -0.44222394444437363
t 144 160 208 160 0 1 0.6613432367390648 0.6631719926550099
w 208 112 208 144 0
w 432 144 432 112 0
w 208 48 432 48 0
r 432 48 432 112 0 500.0
w 208 176 208 208 0
w 208 208 432 208 0
w 432 176 432 208 0
w 352 160 352 224 0
r 352 224 352 288 0 300.0
r 208 208 208 288 0 100.0
w 208 288 352 288 0
R 208 48 144 48 0 0 40.0 5.0 0.0
g 208 288 208 336 0
R 80 160 48 160 0 1 2000.0 0.2 0.0
p 144 160 144 288 0
w 144 288 208 288 0
v 80 160 144 160 0 1 40.0 2.0 2.0
O 432 112 480 112 0
o 19 64 0 6 5.0 9.765625E-5 0
o 22 64 0 6 5.0 9.765625E-5 0
