$ 1 5.0E-6 10 50 5.0
r 144 80 256 80 0 100.0
r 256 80 368 80 0 100.0
c 144 240 256 240 0 2.6524999999999998E-5 3.9341108041617323
c 256 240 368 240 0 2.6524999999999998E-5 0.9406114964501519
c 256 80 256 144 0 5.3049999999999995E-5 1.4967496538557576
g 256 144 256 176 0
r 256 240 256 304 0 50.0
g 256 304 256 336 0
w 368 80 368 160 0
w 368 160 368 240 0
w 144 80 144 160 0
w 144 160 144 240 0
R 144 160 96 160 0 1 60.0 5.0 0.0
O 368 160 432 160 0
o 12 32 0 2 5.0 0.025
o 13 32 0 2 3.0517578125E-4 9.765625E-5
